1.0000029717609   0.00243793331661688
1.0000110424071624   0.004699443975627769
1.0000917488697865   0.013546030181934574
1.0001724553324105   0.018571503753412058
1.0002531617950345   0.022501160589616907
1.0003338682576584   0.0258398793073791
1.0004145747202822   0.028793960411243717
1.0004952811829062   0.031471901893489994
1.0006566941081543   0.036238715380457226
1.0007374005707783   0.03840078025234959
1.0008181070334023   0.04044738577161345
1.0009795199586502   0.044257430800144784
1.001060226421274   0.046044307521050785
1.001140932883898   0.04776433806180314
1.0013023458091461   0.05103064222950622
1.0016251716596418   0.05700406394566253
1.0017058781222659   0.05840194071111083
1.00178658458489   0.05976709558687915
1.0019479975101377   0.06240777819179337
1.0022708233606337   0.0673789943662141
1.0023515298232577   0.06856542547559383
1.0024322362858817   0.06973164220995597
1.0025936492111296   0.07200734429983281
1.0029164750616255   0.07635520316691263
1.0035621267626174   0.0843802580937332
1.0036428332252414   0.0853302251910511
1.0037235396878654   0.08626970717821962
1.0038849526131133   0.08811855354839519
1.0042077784636092   0.09170420786783236
1.004853430164601   0.09848359532225434
1.0061447335665845   0.11080118139661303
1.006220034968151   0.1114773295609561
1.0062953363697171   0.11214938453568603
1.0064459391728495   0.11348150536375184
1.0067471447791143   0.11609970778498231
1.0073495559916439   0.1211657619297657
1.008554378416703   0.13070738257957384
1.0109640232668216   0.1479462515274834
1.011039324668388   0.14845250509480656
1.0111146260699542   0.14895702551327317
1.0112652288730866   0.14996093681750053
1.0115664344793514   0.1519487145693687
1.012168845691881   0.1558476521054709
1.01337366811694   0.16336440741118818
1.0157833129670586   0.17743713255879764
1.0158649427243378   0.17789418144737315
1.0159465724816172   0.17835004678582872
1.016109831996176   0.1792582629102408
1.0164363510252938   0.18106088330360443
1.0170893890835289   0.18461275770677713
1.0183954651999994   0.19151679498311774
1.0210076174329403   0.20461902838001825
1.0262319218988218   0.22855210269162776
1.0263081465950434   0.2288824850409694
1.026384371291265   0.22921238290936785
1.0265368206837084   0.22987073354586623
1.026841719468595   0.23118171198250256
1.027451517038368   0.2337812259279515
1.0286711121779142   0.2388938871935262
1.0311103024570063   0.24879838811010113
1.0359886830151908   0.267487819464257
1.045554222098393   0.30070749416422143
1.0559297907128846   0.33291462138578365
1.0656135115119818   0.36030066626653684
1.076107261842368   0.3877138172244694
1.0864097901395877   0.41277899804423934
1.0960204706214132   0.4347918763522831
1.1064411806345276   0.4573941929105497
1.1161700428322479   0.47746827362320693
1.1257076829968016   0.4963039777451861
1.1360553526926442   0.5159020079222182
1.1457111745730926   0.5334865030734541
1.15617702598483   0.5518569863190005
1.166451655363401   0.5692601752482238
1.1760344369265776   0.5849774016191241
1.1864272480210434   0.6015089521622133
1.1961282113001148   0.616494449438078
1.2066392041104754   0.6322823086491499
1.2169589748876695   0.6473612116977749
1.2265868978494692   0.6610781137582021
1.2370248503425578   0.6755910275309628
1.2467709550202524   0.6888262419161392
1.2563258376647803   0.701523069571107
1.2666907498405973   0.7150017399562176
1.27636381420102   0.7273190878388663
1.2868469080927318   0.7403979329355882
1.297138779951277   0.7529790790475297
1.306738803994428   0.7644945349096434
1.3171488575688681   0.7767531913966127
1.3268670633279138   0.7879923726985534
1.336394047053793   0.798826920135469
1.3467310603109612   0.810385938933316
1.3563762257527352   0.8209942903507905
1.3668314207257983   0.8323085171089979
1.377095393665695   0.8432360737581828
1.3866675187901971   0.8532728367401416
1.3970496734459885   0.8639970607761218
1.4067399802863856   0.8738601581171367
1.4172403166580716   0.8843938863325537
1.427549430996591   0.8945856381118797
1.4371666975197164   0.9039639320325963
1.4475939935741307   0.913995662219961
1.4573294418131506   0.9232377732985048
1.4668736680190042   0.9321857685688018
1.4772279237561468   0.9417710181246752
1.486890331677895   0.950604573096029
1.4973627691309324   0.9600610970276364
1.5076439845508032   0.969229512843376
1.5172333521552797   0.977680878313825
1.5276327492910453   0.9867400683175331
1.5373402986114166   0.9950996985138523
1.5468566258986214   1.003206304508962
1.5571829827171153   1.0119065886125436
1.566817491720215   1.019935867050968
1.5772620302546034   1.0285466517108164
1.5870147209735976   1.0365013947704806
1.5965761896594255   1.0442218462699728
1.6069476878765423   1.0525108098275906
1.6166273382782648   1.0601684430635459
1.6271170182112764   1.0683835005175228
1.6374154761111215   1.0763664186683015
1.6470220861955722   1.0837411802311783
1.6574387258113121   1.0916611902765314
1.6671635176116577   1.098984840121618
1.6766970873788367   1.106099992998486
1.687040686677305   1.113749022468229
1.6966924381603787   1.1208214981763531
1.7071542191747415   1.1284182513658594
1.717424778155938   1.1358075173433888
1.72700348932174   1.1426390149671668
1.7373922300188311   1.149984086370667
1.747089122900528   1.156780977952201
1.757596045313514   1.1640826073396733
1.7679117456933333   1.171188825413942
1.7775355982577583   1.177763680987891
1.7879694803534725   1.184833355883191
1.7977115146337923   1.1913802644573293
1.8072623268809456   1.197748981824186
1.817623168659388   1.2046032269158653
1.827292162622436   1.2109494187191696
1.8377711861167734   1.2177733681694065
1.848058987577944   1.2244192301209629
1.8576549412237204   1.2305711724644424
1.8680609244007857   1.2371920586553735
1.877775059762457   1.2433262594813688
1.8872979730909616   1.2492968616124966
1.8976309159507552   1.2557281342157534
1.9072720109951546   1.2616852216483987
1.917723135570843   1.2680960877505738
1.9274824123311372   1.2740393836030137
1.937050467058265   1.2798263876707623
1.9474285513166816   1.2860594244897159
1.957114787759704   1.2918363707393477
1.9676110537340155   1.298052905828069
1.9779160976751604   1.3041128417318109
1.987529293800911   1.3097278137361097
1.9979525194579508   1.315774975870974
2.0076838972995965   1.3213828778584853
2.0172240531080754   1.3268456014172914
2.0275742384478432   1.3327335477459774
2.037232575972217   1.33819220430662
2.0477009430278796   1.3440703013947073
2.0579780880503757   1.3498027629878901
2.0675633852574777   1.3551156433628688
2.0779587119958687   1.3608412825703178
2.0876621909188655   1.3661523194309622
2.0971744478086958   1.3713276889574115
2.107496734229815   1.3769095140717031
2.11712717283554   1.3820854941256304
2.127567640972554   1.3876627081996302
2.1373162612941736   1.3928387174691126
2.146873659582627   1.3978839388842728
2.1572410874023693   1.4033244339809916
2.166916667406717   1.4083719087135578
2.177402276942354   1.413809722437233
2.187696664444825   1.419116180014873
2.197299204131901   1.4240376314354042
2.2077117733502662   1.429343675376413
2.217432494753237   1.4342688255429412
2.2269619941230414   1.4390708517624957
2.237301523024135   1.4442520353935595
2.2469492041098342   1.4490596148442103
2.2574069147268223   1.4542418575297007
2.2676734033106443   1.4593003680582048
2.2772480440790717   1.4639924345502313
2.287632714378788   1.4690539079075804
2.2973255368631103   1.4737526115697615
2.3078283888787214   1.4788164556841406
2.318140018861166   1.483760576527066
2.3277598010282166   1.4883486742740408
2.338189612726556   1.4932969135219412
2.3479275766095014   1.4978925927154996
2.35747431845928   1.50237548022654
2.367831089840348   1.5072137704423156
2.3774960134060215   1.5117056782069156
2.387970966502984   1.5165490752905402
2.39825469756678   1.521279057205058
2.407846580815182   1.5256687479140316
2.4182484935948727   1.5304053261764177
2.4279585585591694   1.5348047397195188
2.4374774014902996   1.53909699568425
2.4478062739527187   1.54373177163215
2.4574432985997436   1.548034980469525
2.4678903527780576   1.5526771051314983
2.477645559140977   1.556990629798465
2.4872095434707298   1.5611999493779878
2.497583557331772   1.565744007657404
2.5072657233774196   1.5699647865914945
2.5177579189543566   1.5745168578608002
2.528058892498127   1.578964108639904
2.537668018226503   1.5830933427141813
2.5480871734861683   1.587549798635737
2.557814480930439   1.5916909392866547
2.5673505663415432   1.5957326659071283
2.577696681283937   1.6000977441103865
2.587350948410936   1.6041523663066664
2.597815245069224   1.6085271486980919
2.608088319694345   1.6128019095314392
2.6176695465040725   1.6167710297109663
2.6280608028450887   1.621056530568929
2.637760211370711   1.6250388622528724
2.648269649427622   1.6293345143361406
2.6585878654513664   1.6335327068264878
2.6682142336597168   1.6374323281537635
2.678650631399356   1.6416416419318571
2.6883951813236013   1.6455547448537473
2.69794850921468   1.6493751116487165
2.7083118666370476   1.6535017159453118
2.717983376244021   1.657336372063308
2.7284649153822835   1.6614744183865735
2.7387552324873794   1.6655191461547734
2.748353701777081   1.6692761597821748
2.758762200598072   1.6733331803053302
2.768478851603668   1.677104659783388
2.778004280576098   1.6807871693805598
2.788339739079817   1.684766461162476
2.7979833497681414   1.688464146028816
2.8084369899877553   1.6924559565173911
2.8181987823919745   1.696168244818008
2.827769352763027   1.699793559571097
2.8381499526653693   1.7037098920064488
2.847838704752317   1.707350480176455
2.8583374863705533   1.711279525836762
2.8686450459556236   1.7151210436480466
2.8782607577252994   1.7186905771613386
2.888686499026264   1.722545517317065
2.898420392511835   1.7261304028686868
2.907963063964239   1.729631621991017
2.918315764947932   1.7334153361698208
2.927976618116231   1.736932500196991
2.9384475008158186   1.7407297615599644
2.94872716148224   1.7444428185426195
2.958314974333267   1.7478928176627728
2.968712816715583   1.7516200515623512
2.978418811282505   1.7550860195696523
2.9879335838162606   1.7584713689342721
2.998258385881305   1.7621312192938927
3.0078913401309553   1.765533064502147
3.0183343239118945   1.7692071599878483
3.0280854598774396   1.77262497771272
3.037645373809818   1.7759637998259288
3.0480153172734856   1.7795722277649408
3.057693412921759   1.7829275236290016
3.0681815381013213   1.7865502482272737
3.078478441247717   1.7900934684881389
3.0880834965787187   1.793386696320673
3.0984985814410093   1.7969447478365141
3.1082218184879054   1.8002544178278834
3.117753833501635   1.8034878067939084
3.1280958780466537   1.806983528903925
3.137746074776278   1.8102338081965565
3.1482063010371917   1.8137443706921295
3.158475305264939   1.8171781601400372
3.1680524616772914   1.8203694429359354
3.1784396476209333   1.8238185522763708
3.1881349857491807   1.8270266611658263
3.198640353408717   1.8304906106939318
3.2089544990350873   1.8338792630461258
3.218576796846063   1.8370297537323943
3.2290091241883276   1.8404337039933456
3.238749603715198   1.843600949003615
3.248298861208902   1.84669581094088
3.258658148233895   1.8500418538326842
3.2683255874434938   1.8531538543898958
3.2788030561843815   1.8565151607763468
3.2890893028921027   1.8598036199302994
3.2986837017844297   1.8628607007262854
3.3090881302080457   1.8661648360154037
3.3188007108162676   1.8692389594045586
3.328322069391323   1.8722429696239968
3.338653457497667   1.8754918787492083
3.3482929977886173   1.8785132780843992
3.3587425676108564   1.881777802724496
3.368500289617701   1.884816142447264
3.3780667895913794   1.8877855841850095
3.3884433190963468   1.8909960564274868
3.3981280007859196   1.8939827710576986
3.408622712006782   1.897208792629908
3.4189262011944774   1.9003654781566117
3.4285378425667785   1.9033008370486213
3.438959513470369   1.9064734301055695
3.448689336558565   1.9094259433638692
3.4582279376135943   1.9123116152348563
3.468576568199913   1.9154325349994812
3.478233350970837   1.918335662350346
3.4887001632730503   1.9214724035463375
3.4989757535420973   1.924541880279614
3.50855949599575   1.9273958572953216
3.518953267980691   1.9304814807316062
3.5286551921502385   1.9333527801322028
3.5391671458510747   1.9364541362427066
3.5494878775187444   1.9394893518358454
3.55911676137102   1.9423124709130506
3.5695556747545845   1.9453637320465729
3.579302740322755   1.9482040390473163
3.5888585838577587   1.9509804911512365
3.5992244569240515   1.9539832491621718
3.60889848217495   1.9567771524065762
3.6193825369571377   1.9597958511994806
3.629675369706159   1.9627502956943357
3.6392763546397857   1.965497991626621
3.6496873691047016   1.9684686620778165
3.6594065357542234   1.9712336639240682
3.6689344803705786   1.9739365721679174
3.6792724545182227   1.9768607078738585
3.6889185808504728   1.9795811618970294
3.6993747367140117   1.9825214064539114
3.709639670544384   1.985399171604427
3.7192127565593625   1.988075249857984
3.7295958721056297   1.9909693844027048
3.7392871398365024   1.9936628546844468
3.7497884370986645   1.9965729802733208
3.76009851232766   1.999421591200908
3.769716739741261   2.00207148072576
3.7801449966861513   2.0049363342753694
3.789881405815647   2.0076034625420194
3.7994265929119764   2.010211069070987
3.809781809539595   2.0130320159637654
3.819445178351819   2.015657072945808
3.829918576695332   2.0184941349791314
3.840200753005679   2.021271310546069
3.8497910815006313   2.023854440285832
3.8601914395268726   2.0266479615726958
3.86989994973772   2.0292483823325402
3.8794172379154004   2.0317908078554803
3.88974455562437   2.034542075406867
3.8993800255179454   2.037101985903369
3.9098255249428098   2.0398694641898425
3.91957917655228   2.0424465079216834
3.9291416061285838   2.0449663779573366
3.9395140652361764   2.047692301755127
3.949194676528375   2.050229493004085
3.9596853173518625   2.0529714929658427
3.9699847361421834   2.0556559739225473
3.97959230711711   2.0581534336267087
3.990009907623326   2.060854195995735
3.990087955141796   2.0608744014002416
3.990166002660266   2.0608946063830396
3.990322097697206   2.060935015083582
3.990634287771086   2.0610158274249635
3.9912586679188458   2.0611774318729754
3.9925074282143656   2.0615005598625005
3.995004948805405   2.062146492475343
3.995082996323875   2.0621666709270525
3.9951610438423453   2.062186848958213
3.995317138879285   2.062227203758959
3.9956293289531652   2.0623079083146583
3.996253709100925   2.0624692972469316
3.9975024693964447   2.0627919944273474
3.9975805169149146   2.0628121594304485
3.997658564433385   2.0628323240135784
3.9978146594703245   2.062872651919997
3.998126849544205   2.0629533026939746
3.9987512296919645   2.06311458409053
3.9988292772104344   2.063134742376257
3.998907324728904   2.063154900242302
3.9990634197658443   2.063195214715415
3.999375609839724   2.0632758386262435
3.9994536573581945   2.063295993555014
3.9995317048766643   2.0633161480642466
3.9996877999136045   2.0633564558241675
3.9997658474320743   2.063376609074892
3.999843894950544   2.0633967619061506
3.9999219424690144   2.0634169143179606
3.9999999899874843   2.0634370663103403